todolist <- c(
  "1946-001",
  "1947-001",
  "1948-001",
  "1949-001",
  "1950-001",
  "1951-001",
#  "1951-002",
  "1952-001",
#  "1952-002",
  "1953-001",
  "1953-002",
  "1954-001",
  "1954-002",
  "1955-001",
  "1955-002",
  "1956-001",
  "1956-002",
  "1957-001",
  "1957-002"
)